00000000000000000000000000000000000000000000000000000000000000000000000000000000000000000000000000000000000000000000000000000000
00000000000000000000000011111111000000000000000011111111000000000000000011111111000000000000000011111111000000000000000000000000
00000000000000001111111100000000000000001111111100000000000000001111111100000000000000001111111100000000000000000000000000000000
00000000000000000010010000100100001001000010010000100100001001000010010000100100001001000010010000100100001001000000000000000000
00000000000000000100100101001001010010010100100101001001010010010100100101001001010010010100100101001001010010010000000000000000
00000000000000001001001010010010100100101001001010010010100100101001001010010010100100101001001010010010100100100000000000000000
00000000000000000101010101010101010101010101010101010101010101010101010101010101010101010101010101010101010101010000000000000000
00000000000000001010101010101010101010101010101010101010101010101010101010101010101010101010101010101010101010100000000000000000
00000000000000000000000011111111000000001111111100000000111111110000000011111111000000001111111100000000111111110000000000000000
00000000000000001111110011110011111111001111001111111100111100111111110011110011111111001111001111111100111100110000000000000000
00000000000000000011111111001111001111111100111100111111110011110011111111001111001111111100111100111111110011110000000000000000
00000000000000000000001100001100000000110000110000000011000011000000001100001100000000110000110000000011000011000000000000000000
00000000000000001100000000110000110000000011000011000000001100001100000000110000110000000011000011000000001100000000000000000000
00000000000000000000000001100110011001100110011001100110000000000000000001100110011001100110011001100110000000000000000000000000
00000000000000001111111110011001100110011001100110011001111111111111111110011001100110011001100110011001111111110000000000000000
00000000000000000000111100001111000011110000111100001111000011110000111100001111000011110000111100001111000011110000000000000000
00000000000000001111000011110000111100001111000011110000111100001111000011110000111100001111000011110000111100000000000000000000
00000000000000001111111111111111111111111111111111111111111111110000000000000000000000000000000000000000000000000000000000000000
00000000000000000000000000000000000000000000000000000000000000001111111111111111111111111111111111111111111111110000000000000000
00000000000000000000111100001111000011110000111100001111000011110000111100001111000011110000111100001111000011110000000000000000
00000000000000001111000011110000111100001111000011110000111100001111000011110000111100001111000011110000111100000000000000000000
00000000000000000000000001111110010000100100001001000010010000100100001001000010010000100100001001111110000000000000000000000000
00000000000000001111111110000001100000011000000110000001100000011000000110000001100000011000000110000001111111110000000000000000
00000000000000000100100100100100010010010010010001001001001001000100100100100100010010010010010001001001001001000000000000000000
00000000000000001001001000100100100100100010010010010010001001001001001000100100100100100010010010010010001001000000000000000000
00000000000000001001001001001001100100100100100110010010010010011001001001001001100100100100100110010010010010010000000000000000
00000000000000001010101001010101101010100101010110101010010101011010101001010101101010100101010110101010010101010000000000000000
00000000000000000101010110101010010101011010101001010101101010100101010110101010010101011010101001010101101010100000000000000000
00000000000000001011011011011011101101101101101110110110110110111011011011011011101101101101101110110110110110110000000000000000
00000000000000000110110111011011011011011101101101101101110110110110110111011011011011011101101101101101110110110000000000000000
00000000000000000110110110110110011011011011011001101101101101100110110110110110011011011011011001101101101101100000000000000000
00000000000000001111111111111111111111111111111111111111111111111111111111111111111111111111111111111111111111110000000000000000
00000000000000000000000000000000000000000000000000000000000000000000000000000000000000000000000000000000000000000000000000000000
00000000000000000001000000010000000100000001000000010000000100000001000000010000000000000000000000010000000000000000000000000000
00000000000000000100010001000100010001000100010001000100000000000000000000000000000000000000000000000000000000000000000000000000
00000000000000000100010001000100111111100100010001000100010001000100010001000100111111100100010001000100000000000000000000000000
00000000000000000111110010010010100100001001000010010000011111000001001000010010000100101001001001111100000000000000000000000000
00000000000000000110000010010000100100100110010000001000000100000010000001001100100100100001001000001100000000000000000000000000
00000000000000000011000001001000100010001000100010010000011100000101000010001010100001001000010001111010000000000000000000000000
00000000000000000001000000010000000100000001000000010000000000000000000000000000000000000000000000000000000000000000000000000000
00000000000000000001000000100000001000000100000001000000010000000100000001000000001000000010000000010000000000000000000000000000
00000000000000000001000000001000000010000000010000000100000001000000010000000100000010000000100000010000000000000000000000000000
00000000000000001001001010010010010101000101010000111000111111100011100001010100010101001001001010010010000000000000000000000000
00000000000000000000000000010000000100000001000000010000111111100001000000010000000100000001000000000000000000000000000000000000
00000000000000000000000000000000000000000000000000000000000000000000000000001000000010000001000000100000000000000000000000000000
00000000000000000000000000000000000000000000000000000000111111100000000000000000000000000000000000000000000000000000000000000000
00000000000000000000000000000000000000000000000000000000000000000000000000011000000110000000000000000000000000000000000000000000
00000000000000000000000000000000000000100000010000001000000100000010000001000000100000000000000000000000000000000000000000000000
00000000000000000011100001000100100000101000001010001010100100101010001010000010100000100100010000111000000000000000000000000000
00000000000000000001000000110000010100000001000000010000000100000001000000010000000100000001000000111000000000000000000000000000
00000000000000000111110010000010000000100000001000000010011111001000000010000000100000001000000011111110000000000000000000000000
00000000000000000111110010000010000000100000001000000010011111000000001000000010000000101000001001111100000000000000000000000000
00000000000000000000100000011000001010000100100010001000100010001111111000001000000010000000100000011100000000000000000000000000
00000000000000001111111010000000100000001000000010000000011111000000001000000010000000101000001001111100000000000000000000000000
00000000000000000111111010000000100000001000000010000000011111001000001010000010100000101000001001111100000000000000000000000000
00000000000000001111111000000010000000100000010000001000000100000001000000010000000100000001000000111000000000000000000000000000
00000000000000000111110010000010100000101000001010000010011111001000001010000010100000101000001001111100000000000000000000000000
00000000000000000111110010000010100000101000001010000010011111000000001000000010000000100000001011111100000000000000000000000000
00000000000000000000000000000000000110000001100000000000000000000000000000011000000110000000000000000000000000000000000000000000
00000000000000000000000000000000000110000001100000000000000000000000000000001000000010000001000000100000000000000000000000000000
00000000000000000000000000000000000000100000110000110000110000000011000000001100000000100000000000000000000000000000000000000000
00000000000000000000000000000000111111100000000000000000000000000000000000000000111111100000000000000000000000000000000000000000
00000000000000000000000000000000100000000110000000011000000001100001100001100000100000000000000000000000000000000000000000000000
00000000000000000011100001000100100000101000001000000010000001000000100000010000000100000000000000010000000000000000000000000000
00000000000000000011100001000100100000101000001010011110101000101010001010011110100000000100001000111100000000000000000000000000
00000000000000000001000000101000001010000010100001000100011111000100010001000100100000101000001010000010000000000000000000000000
00000000000000001111110010000010100000101000001010000100111110001000010010000010100000101000001011111100000000000000000000000000
00000000000000000111110010000010100000001000000010000000100000001000000010000000100000001000001001111100000000000000000000000000
00000000000000001111000010001000100001001000010010000010100000101000001010000010100001001000010011111000000000000000000000000000
00000000000000001111111010000000100000001000000010000000111111001000000010000000100000001000000011111110000000000000000000000000
00000000000000001111111010000000100000001000000010000000111111001000000010000000100000001000000010000000000000000000000000000000
00000000000000000111110010000010100000001000000010000000100111101000001010000010100000101000001001111100000000000000000000000000
00000000000000001000001010000010100000101000001010000010011111001000001010000010100000101000001010000010000000000000000000000000
00000000000000000011100000010000000100000001000000010000000100000001000000010000000100000001000000111000000000000000000000000000
00000000000000000001110000001000000010000000100000001000000010000000100000001000100010001000100001110000000000000000000000000000
00000000000000001000001010000010100001001000010010001000111100001000100010000100100001001000001010000010000000000000000000000000
00000000000000001000000010000000100000001000000010000000100000001000000010000000100000001000000011111110000000000000000000000000
00000000000000001000001011000110101010101010101010101010100100101001001010000010100000101000001010000010000000000000000000000000
00000000000000001000001011000010101000101010001010100010100100101000101010001010100010101000011010000010000000000000000000000000
00000000000000000111110010000010100000101000001010000010100000101000001010000010100000101000001001111100000000000000000000000000
00000000000000000111110010000010100000101000001010000010111111001000000010000000100000001000000010000000000000000000000000000000
00000000000000000111110010000010100000101000001010000010100000101000001010110010100010101000010001111010000000000000000000000000
00000000000000000111110010000010100000101000001010000010111111001010000010010000100010001000010010000010000000000000000000000000
00000000000000000111110010000010100000001000000010000000011111000000001000000010000000101000001001111100000000000000000000000000
00000000000000001111111010010010000100000001000000010000000100000001000000010000000100000001000000010000000000000000000000000000
00000000000000001000001010000010100000101000001010000010100000101000001010000010100000101000001001111100000000000000000000000000
00000000000000001000001010000010100000100100010001000100010001000010100000101000001010000001000000010000000000000000000000000000
00000000000000001000001010000010100000101000001010010010100100101010101010101010101010101100011010000010000000000000000000000000
00000000000000001000001010000010010001000100010000101000001110000010100001000100010001001000001010000010000000000000000000000000
00000000000000001000001010000010010001000100010000101000001010000001000000010000000100000001000000010000000000000000000000000000
00000000000000001111111010000010000001000000010000001000001110000010000001000000010000001000001011111110000000000000000000000000
00000000000000000011100000100000001000000010000000100000001000000010000000100000001000000010000000111000000000000000000000000000
00000000000000000000000000000000100000000100000000100000000100000000100000000100000000100000000000000000000000000000000000000000
00000000000000000011100000001000000010000000100000001000000010000000100000001000000010000000100000111000000000000000000000000000
00000000000000000000000000010000001010000100010010000010000000000000000000000000000000000000000000000000000000000000000000000000
00000000000000000000000000000000000000000000000000000000000000000000000000000000000000000000000011111110000000000000000000000000
00000000000000000010000000100000000100000001000000001000000000000000000000000000000000000000000000000000000000000000000000000000
00000000000000000000000000000000000000000000000000111010110001101000001010000010100000101100011000111010000000000000000000000000
00000000000000001000000010000000100000001000000010111000110001101000001010000010100000101100011010111000000000000000000000000000
00000000000000000000000000000000000000000000000000111100110000101000000010000000100000001100001000111100000000000000000000000000
00000000000000000000001000000010000000100000001000111010110001101000001010000010100000101100011000111010000000000000000000000000
00000000000000000000000000000000000000000000000000111000110001101000001011111100100000001100011000111000000000000000000000000000
00000000000000000011110001000010100000001000000011111000100000001000000010000000100000001000000010000000000000000000000000000000
00000000000000000000000000000000000000000000000000111000110001101000001001111110000000101100011000111000000000000000000000000000
00000000000000001000000010000000100000001000000010111000110001101000001010000010100000101000001010000010000000000000000000000000
00000000000000000000000000010000000000000000000000010000000100000001000000010000000100000001001000001100000000000000000000000000
00000000000000000000000000000100000000000000000000000100000001000000010000000100000001001000100001110000000000000000000000000000
00000000000000000000000010000000100000001000000010000110101110001100000010110000100010001000010010000010000000000000000000000000
00000000000000000010000000100000001000000010000000100000001000000010000000100000001000000001000000001110000000000000000000000000
00000000000000000000000000000000000000000000000010101100110100101001001010010010100100101001001010010010000000000000000000000000
00000000000000000000000000000000000000000000000010111000110001101000001010000010100000101000001010000010000000000000000000000000
00000000000000000000000000000000000000000000000000111000110001101000001010000010100000101100011000111000000000000000000000000000
00000000000000000000000000000000000000000000000010111000110001101000001011111100100000001000000010000000000000000000000000000000
00000000000000000000000000000000000000000000000000111010110001101000001001111110000000100000001000000010000000000000000000000000
00000000000000000000000000000000000000000000000010111000110001101000000010000000100000001000000010000000000000000000000000000000
00000000000000000000000000000000000000000000000001111100100000101000000001111110000000101000001001111100000000000000000000000000
00000000000000001000000010000000100000001000000011111000100000001000000010000000100000000100001000111100000000000000000000000000
00000000000000000000000000000000000000000000000010000010100000101000001010000010100000101100011000111010000000000000000000000000
00000000000000000000000000000000000000000000000010000010100000101000001010000010010001000010100000010000000000000000000000000000
00000000000000000000000000000000000000000000000010000010100100101001001010010010100100101001001001101100000000000000000000000000
00000000000000000000000000000000000000000000000000000000100000100100010000101000001110000100010010000010000000000000000000000000
00000000000000000000000000000000000000000000000000000000100000100100001000111100000010000000100000110000000000000000000000000000
00000000000000000000000000000000000000000000000000000000111111100000010000001000001100000100000011111110000000000000000000000000
00000000000000000001000000100000001000000010000001000000100000000100000000100000001000000010000000010000000000000000000000000000
00000000000000000001000000010000000100000001000000010000000100000001000000010000000100000001000000010000000000000000000000000000
00000000000000000001000000001000000010000000100000000100000000100000010000001000000010000000100000010000000000000000000000000000
00000000000000000000000000000000000000000000000001100000100100100000110000000000000000000000000000000000000000000000000000000000
00000000000000000000000000000000000000000000000000000000000000000000000000000000000000000000000000000000000000000000000000000000

