00000000
00000000
00000000
00000000
00000000
00000000
00000000
00000000
00000000
00000000
00000000
00000000
00000000
00000000
00000000
00000000
00000000
00000000
00000000
11111111
00000000
00000000
11111111
00000000
00000000
11111111
00000000
00000000
11111111
00000000
00000000
00000000
00000000
00000000
11111111
00000000
00000000
11111111
00000000
00000000
11111111
00000000
00000000
11111111
00000000
00000000
00000000
00000000
00000000
00000000
00100100
00100100
00100100
00100100
00100100
00100100
00100100
00100100
00100100
00100100
00100100
00100100
00000000
00000000
00000000
00000000
01001001
01001001
01001001
01001001
01001001
01001001
01001001
01001001
01001001
01001001
01001001
01001001
00000000
00000000
00000000
00000000
10010010
10010010
10010010
10010010
10010010
10010010
10010010
10010010
10010010
10010010
10010010
10010010
00000000
00000000
00000000
00000000
01010101
01010101
01010101
01010101
01010101
01010101
01010101
01010101
01010101
01010101
01010101
01010101
00000000
00000000
00000000
00000000
10101010
10101010
10101010
10101010
10101010
10101010
10101010
10101010
10101010
10101010
10101010
10101010
00000000
00000000
00000000
00000000
00000000
11111111
00000000
11111111
00000000
11111111
00000000
11111111
00000000
11111111
00000000
11111111
00000000
00000000
00000000
00000000
11111100
11110011
11111100
11110011
11111100
11110011
11111100
11110011
11111100
11110011
11111100
11110011
00000000
00000000
00000000
00000000
00111111
11001111
00111111
11001111
00111111
11001111
00111111
11001111
00111111
11001111
00111111
11001111
00000000
00000000
00000000
00000000
00000011
00001100
00000011
00001100
00000011
00001100
00000011
00001100
00000011
00001100
00000011
00001100
00000000
00000000
00000000
00000000
11000000
00110000
11000000
00110000
11000000
00110000
11000000
00110000
11000000
00110000
11000000
00110000
00000000
00000000
00000000
00000000
00000000
01100110
01100110
01100110
01100110
00000000
00000000
01100110
01100110
01100110
01100110
00000000
00000000
00000000
00000000
00000000
11111111
10011001
10011001
10011001
10011001
11111111
11111111
10011001
10011001
10011001
10011001
11111111
00000000
00000000
00000000
00000000
00001111
00001111
00001111
00001111
00001111
00001111
00001111
00001111
00001111
00001111
00001111
00001111
00000000
00000000
00000000
00000000
11110000
11110000
11110000
11110000
11110000
11110000
11110000
11110000
11110000
11110000
11110000
11110000
00000000
00000000
00000000
00000000
11111111
11111111
11111111
11111111
11111111
11111111
00000000
00000000
00000000
00000000
00000000
00000000
00000000
00000000
00000000
00000000
00000000
00000000
00000000
00000000
00000000
00000000
11111111
11111111
11111111
11111111
11111111
11111111
00000000
00000000
00000000
00000000
00001111
00001111
00001111
00001111
00001111
00001111
00001111
00001111
00001111
00001111
00001111
00001111
00000000
00000000
00000000
00000000
11110000
11110000
11110000
11110000
11110000
11110000
11110000
11110000
11110000
11110000
11110000
11110000
00000000
00000000
00000000
00000000
00000000
01111110
01000010
01000010
01000010
01000010
01000010
01000010
01000010
01000010
01111110
00000000
00000000
00000000
00000000
00000000
11111111
10000001
10000001
10000001
10000001
10000001
10000001
10000001
10000001
10000001
10000001
11111111
00000000
00000000
00000000
00000000
01001001
00100100
01001001
00100100
01001001
00100100
01001001
00100100
01001001
00100100
01001001
00100100
00000000
00000000
00000000
00000000
10010010
00100100
10010010
00100100
10010010
00100100
10010010
00100100
10010010
00100100
10010010
00100100
00000000
00000000
00000000
00000000
10010010
01001001
10010010
01001001
10010010
01001001
10010010
01001001
10010010
01001001
10010010
01001001
00000000
00000000
00000000
00000000
10101010
01010101
10101010
01010101
10101010
01010101
10101010
01010101
10101010
01010101
10101010
01010101
00000000
00000000
00000000
00000000
01010101
10101010
01010101
10101010
01010101
10101010
01010101
10101010
01010101
10101010
01010101
10101010
00000000
00000000
00000000
00000000
10110110
11011011
10110110
11011011
10110110
11011011
10110110
11011011
10110110
11011011
10110110
11011011
00000000
00000000
00000000
00000000
01101101
11011011
01101101
11011011
01101101
11011011
01101101
11011011
01101101
11011011
01101101
11011011
00000000
00000000
00000000
00000000
01101101
10110110
01101101
10110110
01101101
10110110
01101101
10110110
01101101
10110110
01101101
10110110
00000000
00000000
00000000
00000000
11111111
11111111
11111111
11111111
11111111
11111111
11111111
11111111
11111111
11111111
11111111
11111111
00000000
00000000
00000000
00000000
00000000
00000000
00000000
00000000
00000000
00000000
00000000
00000000
00000000
00000000
00000000
00000000
00000000
00000000
00000000
00000000
00010000
00010000
00010000
00010000
00010000
00010000
00010000
00010000
00000000
00000000
00010000
00000000
00000000
00000000
00000000
00000000
01000100
01000100
01000100
01000100
01000100
00000000
00000000
00000000
00000000
00000000
00000000
00000000
00000000
00000000
00000000
00000000
01000100
01000100
11111110
01000100
01000100
01000100
01000100
01000100
11111110
01000100
01000100
00000000
00000000
00000000
00000000
00000000
01111100
10010010
10010000
10010000
10010000
01111100
00010010
00010010
00010010
10010010
01111100
00000000
00000000
00000000
00000000
00000000
01100000
10010000
10010010
01100100
00001000
00010000
00100000
01001100
10010010
00010010
00001100
00000000
00000000
00000000
00000000
00000000
00110000
01001000
10001000
10001000
10010000
01110000
01010000
10001010
10000100
10000100
01111010
00000000
00000000
00000000
00000000
00000000
00010000
00010000
00010000
00010000
00010000
00000000
00000000
00000000
00000000
00000000
00000000
00000000
00000000
00000000
00000000
00000000
00010000
00100000
00100000
01000000
01000000
01000000
01000000
01000000
00100000
00100000
00010000
00000000
00000000
00000000
00000000
00000000
00010000
00001000
00001000
00000100
00000100
00000100
00000100
00000100
00001000
00001000
00010000
00000000
00000000
00000000
00000000
00000000
10010010
10010010
01010100
01010100
00111000
11111110
00111000
01010100
01010100
10010010
10010010
00000000
00000000
00000000
00000000
00000000
00000000
00010000
00010000
00010000
00010000
11111110
00010000
00010000
00010000
00010000
00000000
00000000
00000000
00000000
00000000
00000000
00000000
00000000
00000000
00000000
00000000
00000000
00000000
00001000
00001000
00010000
00100000
00000000
00000000
00000000
00000000
00000000
00000000
00000000
00000000
00000000
00000000
11111110
00000000
00000000
00000000
00000000
00000000
00000000
00000000
00000000
00000000
00000000
00000000
00000000
00000000
00000000
00000000
00000000
00000000
00011000
00011000
00000000
00000000
00000000
00000000
00000000
00000000
00000000
00000000
00000000
00000010
00000100
00001000
00010000
00100000
01000000
10000000
00000000
00000000
00000000
00000000
00000000
00000000
00000000
00111000
01000100
10000010
10000010
10001010
10010010
10100010
10000010
10000010
01000100
00111000
00000000
00000000
00000000
00000000
00000000
00010000
00110000
01010000
00010000
00010000
00010000
00010000
00010000
00010000
00010000
00111000
00000000
00000000
00000000
00000000
00000000
01111100
10000010
00000010
00000010
00000010
01111100
10000000
10000000
10000000
10000000
11111110
00000000
00000000
00000000
00000000
00000000
01111100
10000010
00000010
00000010
00000010
01111100
00000010
00000010
00000010
10000010
01111100
00000000
00000000
00000000
00000000
00000000
00001000
00011000
00101000
01001000
10001000
10001000
11111110
00001000
00001000
00001000
00011100
00000000
00000000
00000000
00000000
00000000
11111110
10000000
10000000
10000000
10000000
01111100
00000010
00000010
00000010
10000010
01111100
00000000
00000000
00000000
00000000
00000000
01111110
10000000
10000000
10000000
10000000
01111100
10000010
10000010
10000010
10000010
01111100
00000000
00000000
00000000
00000000
00000000
11111110
00000010
00000010
00000100
00001000
00010000
00010000
00010000
00010000
00010000
00111000
00000000
00000000
00000000
00000000
00000000
01111100
10000010
10000010
10000010
10000010
01111100
10000010
10000010
10000010
10000010
01111100
00000000
00000000
00000000
00000000
00000000
01111100
10000010
10000010
10000010
10000010
01111100
00000010
00000010
00000010
00000010
11111100
00000000
00000000
00000000
00000000
00000000
00000000
00000000
00011000
00011000
00000000
00000000
00000000
00011000
00011000
00000000
00000000
00000000
00000000
00000000
00000000
00000000
00000000
00000000
00011000
00011000
00000000
00000000
00000000
00001000
00001000
00010000
00100000
00000000
00000000
00000000
00000000
00000000
00000000
00000000
00000010
00001100
00110000
11000000
00110000
00001100
00000010
00000000
00000000
00000000
00000000
00000000
00000000
00000000
00000000
00000000
11111110
00000000
00000000
00000000
00000000
00000000
11111110
00000000
00000000
00000000
00000000
00000000
00000000
00000000
00000000
00000000
10000000
01100000
00011000
00000110
00011000
01100000
10000000
00000000
00000000
00000000
00000000
00000000
00000000
00000000
00111000
01000100
10000010
10000010
00000010
00000100
00001000
00010000
00010000
00000000
00010000
00000000
00000000
00000000
00000000
00000000
00111000
01000100
10000010
10000010
10011110
10100010
10100010
10011110
10000000
01000010
00111100
00000000
00000000
00000000
00000000
00000000
00010000
00101000
00101000
00101000
01000100
01111100
01000100
01000100
10000010
10000010
10000010
00000000
00000000
00000000
00000000
00000000
11111100
10000010
10000010
10000010
10000100
11111000
10000100
10000010
10000010
10000010
11111100
00000000
00000000
00000000
00000000
00000000
01111100
10000010
10000000
10000000
10000000
10000000
10000000
10000000
10000000
10000010
01111100
00000000
00000000
00000000
00000000
00000000
11110000
10001000
10000100
10000100
10000010
10000010
10000010
10000010
10000100
10000100
11111000
00000000
00000000
00000000
00000000
00000000
11111110
10000000
10000000
10000000
10000000
11111100
10000000
10000000
10000000
10000000
11111110
00000000
00000000
00000000
00000000
00000000
11111110
10000000
10000000
10000000
10000000
11111100
10000000
10000000
10000000
10000000
10000000
00000000
00000000
00000000
00000000
00000000
01111100
10000010
10000000
10000000
10000000
10011110
10000010
10000010
10000010
10000010
01111100
00000000
00000000
00000000
00000000
00000000
10000010
10000010
10000010
10000010
10000010
01111100
10000010
10000010
10000010
10000010
10000010
00000000
00000000
00000000
00000000
00000000
00111000
00010000
00010000
00010000
00010000
00010000
00010000
00010000
00010000
00010000
00111000
00000000
00000000
00000000
00000000
00000000
00011100
00001000
00001000
00001000
00001000
00001000
00001000
00001000
10001000
10001000
01110000
00000000
00000000
00000000
00000000
00000000
10000010
10000010
10000100
10000100
10001000
11110000
10001000
10000100
10000100
10000010
10000010
00000000
00000000
00000000
00000000
00000000
10000000
10000000
10000000
10000000
10000000
10000000
10000000
10000000
10000000
10000000
11111110
00000000
00000000
00000000
00000000
00000000
10000010
11000110
10101010
10101010
10101010
10010010
10010010
10000010
10000010
10000010
10000010
00000000
00000000
00000000
00000000
00000000
10000010
11000010
10100010
10100010
10100010
10010010
10001010
10001010
10001010
10000110
10000010
00000000
00000000
00000000
00000000
00000000
01111100
10000010
10000010
10000010
10000010
10000010
10000010
10000010
10000010
10000010
01111100
00000000
00000000
00000000
00000000
00000000
01111100
10000010
10000010
10000010
10000010
11111100
10000000
10000000
10000000
10000000
10000000
00000000
00000000
00000000
00000000
00000000
01111100
10000010
10000010
10000010
10000010
10000010
10000010
10110010
10001010
10000100
01111010
00000000
00000000
00000000
00000000
00000000
01111100
10000010
10000010
10000010
10000010
11111100
10100000
10010000
10001000
10000100
10000010
00000000
00000000
00000000
00000000
00000000
01111100
10000010
10000000
10000000
10000000
01111100
00000010
00000010
00000010
10000010
01111100
00000000
00000000
00000000
00000000
00000000
11111110
10010010
00010000
00010000
00010000
00010000
00010000
00010000
00010000
00010000
00010000
00000000
00000000
00000000
00000000
00000000
10000010
10000010
10000010
10000010
10000010
10000010
10000010
10000010
10000010
10000010
01111100
00000000
00000000
00000000
00000000
00000000
10000010
10000010
10000010
01000100
01000100
01000100
00101000
00101000
00101000
00010000
00010000
00000000
00000000
00000000
00000000
00000000
10000010
10000010
10000010
10000010
10010010
10010010
10101010
10101010
10101010
11000110
10000010
00000000
00000000
00000000
00000000
00000000
10000010
10000010
01000100
01000100
00101000
00111000
00101000
01000100
01000100
10000010
10000010
00000000
00000000
00000000
00000000
00000000
10000010
10000010
01000100
01000100
00101000
00101000
00010000
00010000
00010000
00010000
00010000
00000000
00000000
00000000
00000000
00000000
11111110
10000010
00000100
00000100
00001000
00111000
00100000
01000000
01000000
10000010
11111110
00000000
00000000
00000000
00000000
00000000
00111000
00100000
00100000
00100000
00100000
00100000
00100000
00100000
00100000
00100000
00111000
00000000
00000000
00000000
00000000
00000000
00000000
00000000
10000000
01000000
00100000
00010000
00001000
00000100
00000010
00000000
00000000
00000000
00000000
00000000
00000000
00000000
00111000
00001000
00001000
00001000
00001000
00001000
00001000
00001000
00001000
00001000
00111000
00000000
00000000
00000000
00000000
00000000
00000000
00010000
00101000
01000100
10000010
00000000
00000000
00000000
00000000
00000000
00000000
00000000
00000000
00000000
00000000
00000000
00000000
00000000
00000000
00000000
00000000
00000000
00000000
00000000
00000000
00000000
11111110
00000000
00000000
00000000
00000000
00000000
00100000
00100000
00010000
00010000
00001000
00000000
00000000
00000000
00000000
00000000
00000000
00000000
00000000
00000000
00000000
00000000
00000000
00000000
00000000
00000000
00111010
11000110
10000010
10000010
10000010
11000110
00111010
00000000
00000000
00000000
00000000
00000000
10000000
10000000
10000000
10000000
10111000
11000110
10000010
10000010
10000010
11000110
10111000
00000000
00000000
00000000
00000000
00000000
00000000
00000000
00000000
00000000
00111100
11000010
10000000
10000000
10000000
11000010
00111100
00000000
00000000
00000000
00000000
00000000
00000010
00000010
00000010
00000010
00111010
11000110
10000010
10000010
10000010
11000110
00111010
00000000
00000000
00000000
00000000
00000000
00000000
00000000
00000000
00000000
00111000
11000110
10000010
11111100
10000000
11000110
00111000
00000000
00000000
00000000
00000000
00000000
00111100
01000010
10000000
10000000
11111000
10000000
10000000
10000000
10000000
10000000
10000000
00000000
00000000
00000000
00000000
00000000
00000000
00000000
00000000
00000000
00111000
11000110
10000010
01111110
00000010
11000110
00111000
00000000
00000000
00000000
00000000
00000000
10000000
10000000
10000000
10000000
10111000
11000110
10000010
10000010
10000010
10000010
10000010
00000000
00000000
00000000
00000000
00000000
00000000
00010000
00000000
00000000
00010000
00010000
00010000
00010000
00010000
00010010
00001100
00000000
00000000
00000000
00000000
00000000
00000000
00000100
00000000
00000000
00000100
00000100
00000100
00000100
00000100
10001000
01110000
00000000
00000000
00000000
00000000
00000000
00000000
10000000
10000000
10000000
10000110
10111000
11000000
10110000
10001000
10000100
10000010
00000000
00000000
00000000
00000000
00000000
00100000
00100000
00100000
00100000
00100000
00100000
00100000
00100000
00100000
00010000
00001110
00000000
00000000
00000000
00000000
00000000
00000000
00000000
00000000
00000000
10101100
11010010
10010010
10010010
10010010
10010010
10010010
00000000
00000000
00000000
00000000
00000000
00000000
00000000
00000000
00000000
10111000
11000110
10000010
10000010
10000010
10000010
10000010
00000000
00000000
00000000
00000000
00000000
00000000
00000000
00000000
00000000
00111000
11000110
10000010
10000010
10000010
11000110
00111000
00000000
00000000
00000000
00000000
00000000
00000000
00000000
00000000
00000000
10111000
11000110
10000010
11111100
10000000
10000000
10000000
00000000
00000000
00000000
00000000
00000000
00000000
00000000
00000000
00000000
00111010
11000110
10000010
01111110
00000010
00000010
00000010
00000000
00000000
00000000
00000000
00000000
00000000
00000000
00000000
00000000
10111000
11000110
10000000
10000000
10000000
10000000
10000000
00000000
00000000
00000000
00000000
00000000
00000000
00000000
00000000
00000000
01111100
10000010
10000000
01111110
00000010
10000010
01111100
00000000
00000000
00000000
00000000
00000000
10000000
10000000
10000000
10000000
11111000
10000000
10000000
10000000
10000000
01000010
00111100
00000000
00000000
00000000
00000000
00000000
00000000
00000000
00000000
00000000
10000010
10000010
10000010
10000010
10000010
11000110
00111010
00000000
00000000
00000000
00000000
00000000
00000000
00000000
00000000
00000000
10000010
10000010
10000010
10000010
01000100
00101000
00010000
00000000
00000000
00000000
00000000
00000000
00000000
00000000
00000000
00000000
10000010
10010010
10010010
10010010
10010010
10010010
01101100
00000000
00000000
00000000
00000000
00000000
00000000
00000000
00000000
00000000
00000000
10000010
01000100
00101000
00111000
01000100
10000010
00000000
00000000
00000000
00000000
00000000
00000000
00000000
00000000
00000000
00000000
10000010
01000010
00111100
00001000
00001000
00110000
00000000
00000000
00000000
00000000
00000000
00000000
00000000
00000000
00000000
00000000
11111110
00000100
00001000
00110000
01000000
11111110
00000000
00000000
00000000
00000000
00000000
00010000
00100000
00100000
00100000
01000000
10000000
01000000
00100000
00100000
00100000
00010000
00000000
00000000
00000000
00000000
00000000
00010000
00010000
00010000
00010000
00010000
00010000
00010000
00010000
00010000
00010000
00010000
00000000
00000000
00000000
00000000
00000000
00010000
00001000
00001000
00001000
00000100
00000010
00000100
00001000
00001000
00001000
00010000
00000000
00000000
00000000
00000000
00000000
00000000
00000000
00000000
00000000
01100000
10010010
00001100
00000000
00000000
00000000
00000000
00000000
00000000
00000000
00000000
00000000
00000000
00000000
00000000
00000000
00000000
00000000
00000000
00000000
00000000
00000000
00000000
00000000
00000000
00000000

